-5.836144e-01 -2.226634e+00 -2.245284e+00 -1.513313e+02
-3.824874e-01 6.794747e-01 -8.926109e-01 6.510999e+01
7.169655e-01 -1.450007e+00 -2.303866e+00 -8.826000e+01
0 0 0 1
-1.535164e+02 6.581670e+01 -8.976106e+01 -1.503974e+02 6.509479e+01 -8.750789e+01
-1.533971e+02 6.574798e+01 -8.970087e+01 -1.504726e+02 6.513639e+01 -8.754688e+01
-1.532608e+02 6.568829e+01 -8.962186e+01 -1.508089e+02 6.527213e+01 -8.774827e+01
-1.530911e+02 6.564657e+01 -8.950536e+01 -1.515001e+02 6.543085e+01 -8.822624e+01
-1.528846e+02 6.562533e+01 -8.934610e+01 -1.518281e+02 6.546345e+01 -8.847583e+01
-1.526619e+02 6.561572e+01 -8.916233e+01 -1.519229e+02 6.546667e+01 -8.855125e+01
-1.524459e+02 6.560776e+01 -8.897469e+01 -1.507609e+02 6.475374e+01 -8.798575e+01
-1.522557e+02 6.559258e+01 -8.880154e+01 -1.508797e+02 6.475916e+01 -8.807950e+01
-1.520834e+02 6.556921e+01 -8.864545e+01 -1.510520e+02 6.477484e+01 -8.821139e+01
-1.519098e+02 6.554004e+01 -8.850218e+01 -1.512413e+02 6.480118e+01 -8.835145e+01
-1.517201e+02 6.550692e+01 -8.836749e+01 -1.513951e+02 6.482903e+01 -8.846180e+01
-1.515256e+02 6.546851e+01 -8.823729e+01 -1.515152e+02 6.485476e+01 -8.854585e+01
-1.513467e+02 6.542237e+01 -8.810753e+01 -1.516206e+02 6.488032e+01 -8.861802e+01
-1.511952e+02 6.536797e+01 -8.797759e+01 -1.517348e+02 6.491137e+01 -8.869442e+01
-1.510606e+02 6.530982e+01 -8.785567e+01 -1.518541e+02 6.494797e+01 -8.877197e+01
-1.509294e+02 6.525303e+01 -8.775102e+01 -1.519650e+02 6.498652e+01 -8.884172e+01
-1.508006e+02 6.519819e+01 -8.766453e+01 -1.520659e+02 6.502623e+01 -8.890263e+01
-1.506853e+02 6.514151e+01 -8.758888e+01 -1.521603e+02 6.506876e+01 -8.895679e+01
-1.505940e+02 6.508100e+01 -8.752099e+01 -1.522666e+02 6.512599e+01 -8.901276e+01
-1.505328e+02 6.502138e+01 -8.747301e+01 -1.523763e+02 6.520688e+01 -8.905895e+01
-1.505065e+02 6.496835e+01 -8.745890e+01 -1.524333e+02 6.528970e+01 -8.906114e+01
-1.505093e+02 6.492184e+01 -8.747383e+01 -1.524348e+02 6.533102e+01 -8.904031e+01
-1.505282e+02 6.487770e+01 -8.749960e+01 -1.524302e+02 6.534446e+01 -8.902941e+01
-1.505589e+02 6.483593e+01 -8.752969e+01 -1.524060e+02 6.537673e+01 -8.899249e+01
-1.506125e+02 6.480415e+01 -8.757897e+01 -1.523010e+02 6.542944e+01 -8.887893e+01
